# Timeloop-derived traffic matrix (row=src node, col=dst node; last node = DRAM)
0 0.000170331 0 0 0 0 0 0 0 0 0 0 0 0 0 0 0.128815
0 0 0.000170331 0 0 0 0 0 0 0 0 0 0 0 0 0 0.128815
0 0 0 0.000170331 0 0 0 0 0 0 0 0 0 0 0 0 0.128815
0 0 0 0 0.000170331 0 0 0 0 0 0 0 0 0 0 0 0.128815
0 0 0 0 0 0.000170331 0 0 0 0 0 0 0 0 0 0 0.128815
0 0 0 0 0 0 0.000170331 0 0 0 0 0 0 0 0 0 0.128815
0 0 0 0 0 0 0 0.000170331 0 0 0 0 0 0 0 0 0.128815
0 0 0 0 0 0 0 0 0.000170331 0 0 0 0 0 0 0 0.128815
0 0 0 0 0 0 0 0 0 0.000170331 0 0 0 0 0 0 0.128815
0 0 0 0 0 0 0 0 0 0 0.000170331 0 0 0 0 0 0.128815
0 0 0 0 0 0 0 0 0 0 0 0.000170331 0 0 0 0 0.128815
0 0 0 0 0 0 0 0 0 0 0 0 0.000170331 0 0 0 0.128815
0 0 0 0 0 0 0 0 0 0 0 0 0 0.000170331 0 0 0.128815
0 0 0 0 0 0 0 0 0 0 0 0 0 0 0.000170331 0 0.128815
0 0 0 0 0 0 0 0 0 0 0 0 0 0 0 0.000170331 0.128815
0.000170331 0 0 0 0 0 0 0 0 0 0 0 0 0 0 0 0.128815
0.0625 0.0625 0.0625 0.0625 0.0625 0.0625 0.0625 0.0625 0.0625 0.0625 0.0625 0.0625 0.0625 0.0625 0.0625 0.0625 0
