# Timeloop-derived traffic matrix (row=src node, col=dst node; last node = DRAM)
0 7.00673e-05 0 0 0 0 0 0 0 0 0 0 0 0 0 0 0.128837
0 0 7.00673e-05 0 0 0 0 0 0 0 0 0 0 0 0 0 0.128837
0 0 0 7.00673e-05 0 0 0 0 0 0 0 0 0 0 0 0 0.128837
0 0 0 0 7.00673e-05 0 0 0 0 0 0 0 0 0 0 0 0.128837
0 0 0 0 0 7.00673e-05 0 0 0 0 0 0 0 0 0 0 0.128837
0 0 0 0 0 0 7.00673e-05 0 0 0 0 0 0 0 0 0 0.128837
0 0 0 0 0 0 0 7.00673e-05 0 0 0 0 0 0 0 0 0.128837
0 0 0 0 0 0 0 0 7.00673e-05 0 0 0 0 0 0 0 0.128837
0 0 0 0 0 0 0 0 0 7.00673e-05 0 0 0 0 0 0 0.128837
0 0 0 0 0 0 0 0 0 0 7.00673e-05 0 0 0 0 0 0.128837
0 0 0 0 0 0 0 0 0 0 0 7.00673e-05 0 0 0 0 0.128837
0 0 0 0 0 0 0 0 0 0 0 0 7.00673e-05 0 0 0 0.128837
0 0 0 0 0 0 0 0 0 0 0 0 0 7.00673e-05 0 0 0.128837
0 0 0 0 0 0 0 0 0 0 0 0 0 0 7.00673e-05 0 0.128837
0 0 0 0 0 0 0 0 0 0 0 0 0 0 0 7.00673e-05 0.128837
7.00673e-05 0 0 0 0 0 0 0 0 0 0 0 0 0 0 0 0.128837
0.0625 0.0625 0.0625 0.0625 0.0625 0.0625 0.0625 0.0625 0.0625 0.0625 0.0625 0.0625 0.0625 0.0625 0.0625 0.0625 0
