# Timeloop-derived traffic matrix (row=src node, col=dst node; last node = DRAM)
0 0.000457764 0 0 0 0 0 0 0 0 0 0 0 0 0 0 0.128891
0 0 0.000457764 0 0 0 0 0 0 0 0 0 0 0 0 0 0.128891
0 0 0 0.000457764 0 0 0 0 0 0 0 0 0 0 0 0 0.128891
0 0 0 0 0.000457764 0 0 0 0 0 0 0 0 0 0 0 0.128891
0 0 0 0 0 0.000457764 0 0 0 0 0 0 0 0 0 0 0.128891
0 0 0 0 0 0 0.000457764 0 0 0 0 0 0 0 0 0 0.128891
0 0 0 0 0 0 0 0.000457764 0 0 0 0 0 0 0 0 0.128891
0 0 0 0 0 0 0 0 0.000457764 0 0 0 0 0 0 0 0.128891
0 0 0 0 0 0 0 0 0 0.000457764 0 0 0 0 0 0 0.128891
0 0 0 0 0 0 0 0 0 0 0.000457764 0 0 0 0 0 0.128891
0 0 0 0 0 0 0 0 0 0 0 0.000457764 0 0 0 0 0.128891
0 0 0 0 0 0 0 0 0 0 0 0 0.000457764 0 0 0 0.128891
0 0 0 0 0 0 0 0 0 0 0 0 0 0.000457764 0 0 0.128891
0 0 0 0 0 0 0 0 0 0 0 0 0 0 0.000457764 0 0.128891
0 0 0 0 0 0 0 0 0 0 0 0 0 0 0 0.000457764 0.128891
0.000457764 0 0 0 0 0 0 0 0 0 0 0 0 0 0 0 0.128891
0.0625 0.0625 0.0625 0.0625 0.0625 0.0625 0.0625 0.0625 0.0625 0.0625 0.0625 0.0625 0.0625 0.0625 0.0625 0.0625 0
