# Timeloop-derived traffic matrix (row=src tile, col=dst tile)
0.6 0.2 0 0 0 0 0 0 0 0 0 0 0 0 0 0.2
0.6 0.2 0.2 0 0 0 0 0 0 0 0 0 0 0 0 0
0.4 0.2 0.2 0.2 0 0 0 0 0 0 0 0 0 0 0 0
0.4 0 0.2 0.2 0.2 0 0 0 0 0 0 0 0 0 0 0
0.4 0 0 0.2 0.2 0.2 0 0 0 0 0 0 0 0 0 0
0.4 0 0 0 0.2 0.2 0.2 0 0 0 0 0 0 0 0 0
0.4 0 0 0 0 0.2 0.2 0.2 0 0 0 0 0 0 0 0
0.4 0 0 0 0 0 0.2 0.2 0.2 0 0 0 0 0 0 0
0.4 0 0 0 0 0 0 0.2 0.2 0.2 0 0 0 0 0 0
0.4 0 0 0 0 0 0 0 0.2 0.2 0.2 0 0 0 0 0
0.4 0 0 0 0 0 0 0 0 0.2 0.2 0.2 0 0 0 0
0.4 0 0 0 0 0 0 0 0 0 0.2 0.2 0.2 0 0 0
0.4 0 0 0 0 0 0 0 0 0 0 0.2 0.2 0.2 0 0
0.4 0 0 0 0 0 0 0 0 0 0 0 0.2 0.2 0.2 0
0.4 0 0 0 0 0 0 0 0 0 0 0 0 0.2 0.2 0.2
0.6 0 0 0 0 0 0 0 0 0 0 0 0 0 0.2 0.2
